# Created by Octave 6.2.0, Sat Apr 17 16:55:19 2021 GMT <unknown@CA-DELL>
# name: v
# type: matrix
# rows: 10
# columns: 1
 1552
 1599
 1609
 1660
 1682
 1803
 1859
 1913
 1993
 1994


